0 0 4110 0 0
1 0 0 3 2
10 0 0 3 4
11 0 2 2 7
12 0 1 1 4
13 0 0 3 3
14 0 1 5 4
15 0 0 2 4
16 0 2 5 5
2 0 1 4 10
3 0 0 0 5
4 0 0 2 3
5 0 0 5 3
6 0 0 3 3
7 0 0 3 3
8 0 2 1 4
9 0 0 4 8

1 96 0 0 0 616
2 96 0 0 0 615
3 96 0 0 0 619
4 96 0 0 0 617
5 96 0 0 0 615
6 96 0 0 0 616
7 96 0 0 0 616
8 96 0 0 0 618
9 96 0 0 0 615
10 96 0 0 0 617
11 96 0 0 0 617
12 96 0 0 0 619
13 96 0 0 0 617
14 96 0 0 0 616
15 96 0 0 0 617
16 96 0 0 0 614

1 0 0 0 0 0 0 674 96 96 90
10 0 0 0 0 0 0 674 96 96 92
11 0 0 0 0 0 0 674 96 96 90
12 0 0 0 0 0 0 674 96 96 95
13 0 0 0 0 0 0 674 96 96 93
14 0 0 0 0 0 0 674 96 96 93
15 0 0 0 0 0 0 674 96 96 91
16 0 0 0 0 0 0 674 96 96 95
2 0 0 0 0 0 0 674 96 96 91
3 0 0 0 0 0 0 674 96 96 94
4 0 0 0 0 0 0 674 96 96 95
5 0 0 0 0 0 0 674 96 96 93
6 0 0 0 0 0 0 674 96 95 93
7 0 0 0 0 0 0 674 96 96 92
8 0 0 0 0 0 0 674 96 96 95
9 0 0 0 0 0 0 674 96 96 92
