0 0 6521 0 0
1 0 0 2 0
10 0 0 2 3
11 0 1 2 5
12 0 0 2 7
13 0 0 4 3
14 0 0 1 5
15 0 0 2 1
16 0 2 4 7
17 0 0 2 4
18 0 0 6 3
19 0 0 2 7
2 0 0 3 1
20 0 0 1 6
21 0 0 3 3
22 0 0 0 3
23 0 0 3 1
24 0 0 3 2
25 0 0 1 8
26 0 1 2 6
27 0 1 0 3
28 0 0 2 0
29 0 0 1 4
3 0 0 3 5
30 0 0 1 1
31 0 0 1 1
32 0 0 0 3
4 0 0 3 1
5 0 0 7 3
6 0 3 3 3
7 0 0 3 4
8 0 1 2 10
9 0 0 0 4

1 96 0 0 0 572
2 96 0 0 0 570
3 96 0 0 0 571
4 96 0 0 0 570
5 96 0 0 0 567
6 96 0 0 0 571
7 96 0 0 0 571
8 96 0 0 0 571
9 96 0 0 0 573
10 96 0 0 0 571
11 96 0 0 0 571
12 96 0 0 0 572
13 96 0 0 0 569
14 96 0 0 0 572
15 96 0 0 0 571
16 96 0 0 0 569
17 96 0 0 0 571
18 96 0 0 0 568
19 96 0 0 0 572
20 96 0 0 0 572
21 96 0 0 0 570
22 96 0 0 0 573
23 96 0 0 0 570
24 96 0 0 0 570
25 96 0 0 0 572
26 96 0 0 0 571
27 96 0 0 0 573
28 96 0 0 0 571
29 96 0 0 0 572
30 96 0 0 0 572
31 96 0 0 0 572
32 96 0 0 0 573

1 0 0 0 0 0 0 674 96 96 91
10 0 0 0 0 0 0 674 96 96 91
11 0 0 0 0 0 0 674 96 96 91
12 0 0 0 0 0 0 674 96 96 91
13 0 0 0 0 0 0 674 96 96 93
14 0 0 0 0 0 0 674 96 96 92
15 0 0 0 0 0 0 674 96 96 92
16 0 0 0 0 0 0 674 96 96 89
17 0 0 0 0 0 0 674 96 96 91
18 0 0 0 0 0 0 674 96 96 93
19 0 0 0 0 0 0 674 96 96 92
2 0 0 0 0 0 0 674 96 96 92
20 0 0 0 0 0 0 674 96 96 87
21 0 0 0 0 0 0 674 96 96 93
22 0 0 0 0 0 0 674 96 96 88
23 0 0 0 0 0 0 674 96 96 91
24 0 0 0 0 0 0 674 96 96 91
25 0 0 0 0 0 0 674 96 96 89
26 0 0 0 0 0 0 674 96 96 93
27 0 0 0 0 0 0 674 96 96 92
28 0 0 0 0 0 0 674 96 96 93
29 0 0 0 0 0 0 674 96 96 89
3 0 0 0 0 0 0 674 96 96 92
30 0 0 0 0 0 0 674 96 96 92
31 0 0 0 0 0 0 674 96 96 93
32 0 0 0 0 0 0 674 96 96 92
4 0 0 0 0 0 0 674 96 95 93
5 0 0 0 0 0 0 674 96 96 89
6 0 0 0 0 0 0 674 96 96 91
7 0 0 0 0 0 0 674 96 96 92
8 0 0 0 0 0 0 674 96 96 92
9 0 0 0 0 0 0 674 96 96 90
