0 0 10867 0 0
1 0 1 3 6
10 0 0 3 4
11 0 0 2 3
12 0 1 1 1
13 0 0 2 4
14 0 0 2 4
15 0 0 4 5
16 0 0 2 2
17 0 0 2 2
18 0 0 1 4
19 0 0 2 4
2 0 0 1 3
20 0 0 3 3
21 0 0 1 2
22 0 0 1 2
23 0 0 3 5
24 0 0 3 2
25 0 0 0 3
26 0 0 0 1
27 0 0 1 1
28 0 0 2 5
29 0 0 0 1
3 0 0 1 4
30 0 1 2 2
31 0 0 1 1
32 0 1 0 4
33 0 0 2 1
34 0 0 3 10
35 0 0 3 4
36 0 2 1 2
37 0 0 1 7
38 0 1 3 1
39 0 0 5 4
4 0 1 4 1
40 0 0 3 3
41 0 0 2 6
42 0 2 1 3
43 0 0 1 4
44 0 0 2 2
45 0 0 3 2
46 0 0 5 4
47 0 0 1 1
48 0 0 2 4
49 0 0 4 4
5 0 0 1 4
50 0 0 2 1
51 0 0 3 3
52 0 0 3 3
53 0 2 1 5
54 0 0 2 5
55 0 0 2 1
56 0 0 3 2
57 0 0 5 1
58 0 0 2 7
59 0 0 3 5
6 0 0 1 5
60 0 0 3 8
61 0 0 0 2
62 0 0 1 2
63 0 0 2 1
64 0 1 0 4
7 0 0 1 6
8 0 1 0 3
9 0 0 2 2

1 96 0 0 0 514
2 96 0 0 0 516
3 96 0 0 0 516
4 96 0 0 0 514
5 96 0 0 0 516
6 96 0 0 0 516
7 96 0 0 0 516
8 96 0 0 0 517
9 96 0 0 0 516
10 96 0 0 0 514
11 96 0 0 0 515
12 96 0 0 0 516
13 96 0 0 0 516
14 96 0 0 0 516
15 96 0 0 0 514
16 96 0 0 0 516
17 96 0 0 0 515
18 96 0 0 0 516
19 96 0 0 0 515
20 96 0 0 0 515
21 96 0 0 0 516
22 96 0 0 0 516
23 96 0 0 0 514
24 96 0 0 0 514
25 96 0 0 0 517
26 96 0 0 0 517
27 96 0 0 0 516
28 96 0 0 0 516
29 96 0 0 0 517
30 96 0 0 0 515
31 96 0 0 0 516
32 96 0 0 0 517
33 96 0 0 0 515
34 96 0 0 0 515
35 96 0 0 0 515
36 96 0 0 0 516
37 96 0 0 0 516
38 96 0 0 0 514
39 96 0 0 0 514
40 96 0 0 0 515
41 96 0 0 0 516
42 96 0 0 0 516
43 96 0 0 0 516
44 96 0 0 0 515
45 96 0 0 0 515
46 96 0 0 0 514
47 96 0 0 0 517
48 96 0 0 0 515
49 96 0 0 0 515
50 96 0 0 0 515
51 96 0 0 0 514
52 96 0 0 0 515
53 96 0 0 0 516
54 96 0 0 0 515
55 96 0 0 0 515
56 96 0 0 0 515
57 96 0 0 0 512
58 96 0 0 0 516
59 96 0 0 0 516
60 96 0 0 0 514
61 96 0 0 0 517
62 96 0 0 0 516
63 96 0 0 0 516
64 96 0 0 0 517

1 0 0 0 0 0 0 674 96 96 85
10 0 0 0 0 0 0 674 96 96 87
11 0 0 0 0 0 0 674 96 96 93
12 0 0 0 0 0 0 674 96 96 91
13 0 0 0 0 0 0 674 96 96 95
14 0 0 0 0 0 0 674 96 96 88
15 0 0 0 0 0 0 674 96 96 87
16 0 0 0 0 0 0 674 96 96 87
17 0 0 0 0 0 0 674 96 96 87
18 0 0 0 0 0 0 674 96 96 89
19 0 0 0 0 0 0 674 96 96 83
2 0 0 0 0 0 0 674 96 96 88
20 0 0 0 0 0 0 674 96 96 90
21 0 0 0 0 0 0 674 96 96 87
22 0 0 0 0 0 0 674 96 96 84
23 0 0 0 0 0 0 674 96 96 89
24 0 0 0 0 0 0 674 96 96 91
25 0 0 0 0 0 0 674 96 96 86
26 0 0 0 0 0 0 674 96 96 89
27 0 0 0 0 0 0 674 96 96 84
28 0 0 0 0 0 0 674 96 96 92
29 0 0 0 0 0 0 674 96 96 84
3 0 0 0 0 0 0 674 96 96 89
30 0 0 0 0 0 0 674 96 96 88
31 0 0 0 0 0 0 674 96 96 86
32 0 0 0 0 0 0 674 96 96 86
33 0 0 0 0 0 0 674 96 96 87
34 0 0 0 0 0 0 674 96 96 91
35 0 0 0 0 0 0 674 96 96 90
36 0 0 0 0 0 0 674 96 96 89
37 0 0 0 0 0 0 674 96 96 87
38 0 0 0 0 0 0 674 96 96 94
39 0 0 0 0 0 0 674 96 96 85
4 0 0 0 0 0 0 674 96 96 89
40 0 0 0 0 0 0 674 96 96 89
41 0 0 0 0 0 0 674 96 96 82
42 0 0 0 0 0 0 674 96 96 89
43 0 0 0 0 0 0 674 96 96 91
44 0 0 0 0 0 0 674 96 96 86
45 0 0 0 0 0 0 674 96 96 90
46 0 0 0 0 0 0 674 96 96 86
47 0 0 0 0 0 0 674 96 96 91
48 0 0 0 0 0 0 674 96 96 89
49 0 0 0 0 0 0 674 96 96 91
5 0 0 0 0 0 0 674 96 96 83
50 0 0 0 0 0 0 674 96 96 88
51 0 0 0 0 0 0 674 96 96 89
52 0 0 0 0 0 0 674 96 96 86
53 0 0 0 0 0 0 674 96 96 90
54 0 0 0 0 0 0 674 96 96 93
55 0 0 0 0 0 0 674 96 96 88
56 0 0 0 0 0 0 674 96 96 91
57 0 0 0 0 0 0 674 96 96 90
58 0 0 0 0 0 0 674 96 96 86
59 0 0 0 0 0 0 674 96 96 87
6 0 0 0 0 0 0 674 96 96 92
60 0 0 0 0 0 0 674 96 96 94
61 0 0 0 0 0 0 674 96 96 83
62 0 0 0 0 0 0 674 96 96 88
63 0 0 0 0 0 0 674 96 95 86
64 0 0 0 0 0 0 674 96 96 91
7 0 0 0 0 0 0 674 96 96 91
8 0 0 0 0 0 0 674 96 96 91
9 0 0 0 0 0 0 674 96 96 91
