0 0 3928 0 0
1 0 9 4 2
10 0 1 4 5
11 0 13 2 7
12 0 6 1 4
13 0 0 5 6
14 0 3 5 4
15 0 3 2 5
16 0 7 4 4
2 0 5 4 10
3 0 2 1 5
4 0 0 2 3
5 0 2 6 4
6 0 0 4 5
7 0 2 3 3
8 0 8 1 5
9 0 5 3 7

1 96 0 0 0 563
2 96 0 0 0 564
3 96 0 0 0 566
4 96 0 0 0 565
5 96 0 0 0 562
6 96 0 0 0 563
7 96 0 0 0 564
8 96 0 0 0 566
9 96 0 0 0 564
10 96 0 0 0 564
11 96 0 0 0 566
12 96 0 0 0 566
13 96 0 0 0 565
14 96 0 0 0 563
15 96 0 0 0 565
16 96 0 0 0 563

1 0 0 0 0 0 0 674 96 96 88
10 0 0 0 0 0 0 674 96 96 89
11 0 0 0 0 0 0 674 96 96 86
12 0 0 0 0 0 0 674 96 96 94
13 0 0 0 0 0 0 674 96 96 91
14 0 0 0 0 0 0 674 96 96 90
15 0 0 0 0 0 0 674 96 96 89
16 0 0 0 0 0 0 674 96 96 93
2 0 0 0 0 0 0 674 96 96 91
3 0 0 0 0 0 0 674 96 96 94
4 0 0 0 0 0 0 674 96 96 91
5 0 0 0 0 0 0 674 96 96 91
6 0 0 0 0 0 0 674 96 95 92
7 0 0 0 0 0 0 674 96 96 92
8 0 0 0 0 0 0 674 96 96 94
9 0 0 0 0 0 0 674 96 96 85
