0 0 6083 0 0
1 0 3 2 0
10 0 3 2 3
11 0 3 3 6
12 0 5 3 5
13 0 0 5 3
14 0 0 2 3
15 0 2 3 2
16 0 10 3 5
17 0 0 2 5
18 0 1 7 4
19 0 2 2 8
2 0 0 3 3
20 0 3 1 7
21 0 3 3 3
22 0 2 1 2
23 0 1 3 3
24 0 2 3 2
25 0 3 2 7
26 0 4 2 6
27 0 3 1 2
28 0 1 2 1
29 0 0 2 3
3 0 2 3 4
30 0 1 3 1
31 0 4 1 1
32 0 3 1 2
4 0 0 4 1
5 0 1 7 3
6 0 4 3 3
7 0 3 3 4
8 0 6 3 12
9 0 1 1 3

1 96 0 0 0 492
2 96 0 0 0 490
3 96 0 0 0 491
4 96 0 0 0 489
5 96 0 0 0 488
6 96 0 0 0 491
7 96 0 0 0 491
8 96 0 0 0 490
9 96 0 0 0 492
10 96 0 0 0 491
11 96 0 0 0 491
12 96 0 0 0 490
13 96 0 0 0 488
14 96 0 0 0 491
15 96 0 0 0 491
16 96 0 0 0 491
17 96 0 0 0 491
18 96 0 0 0 487
19 96 0 0 0 492
20 96 0 0 0 492
21 96 0 0 0 491
22 96 0 0 0 492
23 96 0 0 0 490
24 96 0 0 0 490
25 96 0 0 0 492
26 96 0 0 0 492
27 96 0 0 0 492
28 96 0 0 0 491
29 96 0 0 0 491
30 96 0 0 0 492
31 96 0 0 0 492
32 96 0 0 0 493

1 0 0 0 0 0 0 674 96 96 89
10 0 0 0 0 0 0 674 96 96 87
11 0 0 0 0 0 0 674 96 96 92
12 0 0 0 0 0 0 674 96 96 90
13 0 0 0 0 0 0 674 96 96 92
14 0 0 0 0 0 0 674 96 96 90
15 0 0 0 0 0 0 674 96 96 92
16 0 0 0 0 0 0 674 96 96 86
17 0 0 0 0 0 0 674 96 96 87
18 0 0 0 0 0 0 674 96 96 90
19 0 0 0 0 0 0 674 96 96 90
2 0 0 0 0 0 0 674 96 96 88
20 0 0 0 0 0 0 674 96 96 85
21 0 0 0 0 0 0 674 96 96 89
22 0 0 0 0 0 0 674 96 96 89
23 0 0 0 0 0 0 674 96 96 90
24 0 0 0 0 0 0 674 96 96 88
25 0 0 0 0 0 0 674 96 96 87
26 0 0 0 0 0 0 674 96 96 90
27 0 0 0 0 0 0 674 96 96 90
28 0 0 0 0 0 0 674 96 96 88
29 0 0 0 0 0 0 674 96 96 83
3 0 0 0 0 0 0 674 96 96 90
30 0 0 0 0 0 0 674 96 96 86
31 0 0 0 0 0 0 674 96 96 88
32 0 0 0 0 0 0 674 96 96 92
4 0 0 0 0 0 0 674 96 95 90
5 0 0 0 0 0 0 674 96 96 86
6 0 0 0 0 0 0 674 96 96 88
7 0 0 0 0 0 0 674 96 96 91
8 0 0 0 0 0 0 674 96 96 90
9 0 0 0 0 0 0 674 96 96 83
