0 0 9826 0 0
1 0 1 3 5
10 0 3 3 1
11 0 0 3 4
12 0 3 1 1
13 0 2 3 2
14 0 2 2 4
15 0 0 4 4
16 0 0 2 5
17 0 1 3 1
18 0 4 1 3
19 0 1 2 2
2 0 2 2 3
20 0 2 4 3
21 0 0 1 1
22 0 3 2 3
23 0 3 3 6
24 0 0 4 1
25 0 0 1 5
26 0 2 0 2
27 0 0 1 1
28 0 2 3 3
29 0 3 0 1
3 0 0 3 3
30 0 7 2 2
31 0 0 1 3
32 0 5 1 4
33 0 2 2 3
34 0 0 3 8
35 0 2 3 5
36 0 5 1 2
37 0 1 3 6
38 0 3 3 2
39 0 2 6 4
4 0 3 6 1
40 0 0 4 5
41 0 0 3 3
42 0 5 1 5
43 0 1 2 4
44 0 2 4 2
45 0 2 4 4
46 0 0 7 5
47 0 3 1 2
48 0 0 2 6
49 0 0 4 4
5 0 2 1 4
50 0 0 2 1
51 0 2 3 4
52 0 2 3 4
53 0 2 1 5
54 0 1 2 5
55 0 5 1 0
56 0 3 3 5
57 0 3 5 2
58 0 1 2 7
59 0 2 3 6
6 0 3 1 5
60 0 2 3 7
61 0 0 0 2
62 0 0 1 5
63 0 0 2 2
64 0 3 1 4
7 0 3 1 7
8 0 3 0 4
9 0 0 3 4

1 96 0 0 0 410
2 96 0 0 0 410
3 96 0 0 0 410
4 96 0 0 0 408
5 96 0 0 0 411
6 96 0 0 0 412
7 96 0 0 0 412
8 96 0 0 0 412
9 96 0 0 0 412
10 96 0 0 0 409
11 96 0 0 0 410
12 96 0 0 0 411
13 96 0 0 0 409
14 96 0 0 0 411
15 96 0 0 0 411
16 96 0 0 0 411
17 96 0 0 0 410
18 96 0 0 0 411
19 96 0 0 0 410
20 96 0 0 0 410
21 96 0 0 0 412
22 96 0 0 0 411
23 96 0 0 0 410
24 96 0 0 0 409
25 96 0 0 0 412
26 96 0 0 0 412
27 96 0 0 0 412
28 96 0 0 0 412
29 96 0 0 0 412
30 96 0 0 0 410
31 96 0 0 0 411
32 96 0 0 0 411
33 96 0 0 0 410
34 96 0 0 0 411
35 96 0 0 0 409
36 96 0 0 0 412
37 96 0 0 0 410
38 96 0 0 0 409
39 96 0 0 0 411
40 96 0 0 0 411
41 96 0 0 0 411
42 96 0 0 0 411
43 96 0 0 0 410
44 96 0 0 0 409
45 96 0 0 0 408
46 96 0 0 0 409
47 96 0 0 0 411
48 96 0 0 0 412
49 96 0 0 0 410
50 96 0 0 0 411
51 96 0 0 0 410
52 96 0 0 0 409
53 96 0 0 0 411
54 96 0 0 0 411
55 96 0 0 0 412
56 96 0 0 0 410
57 96 0 0 0 407
58 96 0 0 0 411
59 96 0 0 0 411
60 96 0 0 0 410
61 96 0 0 0 412
62 96 0 0 0 411
63 96 0 0 0 411
64 96 0 0 0 411

1 0 0 0 0 0 0 674 96 96 80
10 0 0 0 0 0 0 674 96 96 83
11 0 0 0 0 0 0 674 96 96 90
12 0 0 0 0 0 0 674 96 96 84
13 0 0 0 0 0 0 674 96 96 92
14 0 0 0 0 0 0 674 96 96 83
15 0 0 0 0 0 0 674 96 96 85
16 0 0 0 0 0 0 674 96 96 83
17 0 0 0 0 0 0 674 96 96 86
18 0 0 0 0 0 0 674 96 96 88
19 0 0 0 0 0 0 674 96 96 81
2 0 0 0 0 0 0 674 96 96 87
20 0 0 0 0 0 0 674 96 96 84
21 0 0 0 0 0 0 674 96 96 82
22 0 0 0 0 0 0 674 96 96 82
23 0 0 0 0 0 0 674 96 96 85
24 0 0 0 0 0 0 674 96 96 88
25 0 0 0 0 0 0 674 96 96 88
26 0 0 0 0 0 0 674 96 96 84
27 0 0 0 0 0 0 674 96 96 83
28 0 0 0 0 0 0 674 96 96 87
29 0 0 0 0 0 0 674 96 96 85
3 0 0 0 0 0 0 674 96 96 84
30 0 0 0 0 0 0 674 96 96 89
31 0 0 0 0 0 0 674 96 96 84
32 0 0 0 0 0 0 674 96 96 82
33 0 0 0 0 0 0 674 96 96 87
34 0 0 0 0 0 0 674 96 96 88
35 0 0 0 0 0 0 674 96 96 85
36 0 0 0 0 0 0 674 96 96 88
37 0 0 0 0 0 0 674 96 96 85
38 0 0 0 0 0 0 674 96 96 87
39 0 0 0 0 0 0 674 96 96 84
4 0 0 0 0 0 0 674 96 96 88
40 0 0 0 0 0 0 674 96 96 87
41 0 0 0 0 0 0 674 96 96 76
42 0 0 0 0 0 0 674 96 96 82
43 0 0 0 0 0 0 674 96 96 86
44 0 0 0 0 0 0 674 96 96 84
45 0 0 0 0 0 0 674 96 96 82
46 0 0 0 0 0 0 674 96 96 81
47 0 0 0 0 0 0 674 96 96 87
48 0 0 0 0 0 0 674 96 96 86
49 0 0 0 0 0 0 674 96 96 85
5 0 0 0 0 0 0 674 96 96 83
50 0 0 0 0 0 0 674 96 96 87
51 0 0 0 0 0 0 674 96 96 82
52 0 0 0 0 0 0 674 96 96 86
53 0 0 0 0 0 0 674 96 96 87
54 0 0 0 0 0 0 674 96 96 89
55 0 0 0 0 0 0 674 96 96 83
56 0 0 0 0 0 0 674 96 96 87
57 0 0 0 0 0 0 674 96 96 88
58 0 0 0 0 0 0 674 96 96 84
59 0 0 0 0 0 0 674 96 96 81
6 0 0 0 0 0 0 674 96 96 89
60 0 0 0 0 0 0 674 96 96 90
61 0 0 0 0 0 0 674 96 96 82
62 0 0 0 0 0 0 674 96 96 83
63 0 0 0 0 0 0 674 96 95 86
64 0 0 0 0 0 0 674 96 96 85
7 0 0 0 0 0 0 674 96 96 88
8 0 0 0 0 0 0 674 96 96 82
9 0 0 0 0 0 0 674 96 96 82
