Waf: Entering directory `/home/joseph/Workspace/ns3-copies/ns3-lorawan-class-B/build'
Waf: Leaving directory `/home/joseph/Workspace/ns3-copies/ns3-lorawan-class-B/build'
Build commands will be stored in build/compile_commands.json
'build' finished successfully (1.170s)
64
RESULTS START HERE
64
1	0	1	3	5
1	96	0	0	0	410
2	0	2	2	3
2	96	0	0	0	410
3	0	0	3	3
3	96	0	0	0	410
4	0	3	6	1
4	96	0	0	0	408
5	0	2	1	4
5	96	0	0	0	411
6	0	3	1	5
6	96	0	0	0	412
7	0	3	1	7
7	96	0	0	0	412
8	0	3	0	4
8	96	0	0	0	412
9	0	0	3	4
9	96	0	0	0	412
10	0	3	3	1
10	96	0	0	0	409
11	0	0	3	4
11	96	0	0	0	410
12	0	3	1	1
12	96	0	0	0	411
13	0	2	3	2
13	96	0	0	0	409
14	0	2	2	4
14	96	0	0	0	411
15	0	0	4	4
15	96	0	0	0	411
16	0	0	2	5
16	96	0	0	0	411
17	0	1	3	1
17	96	0	0	0	410
18	0	4	1	3
18	96	0	0	0	411
19	0	1	2	2
19	96	0	0	0	410
20	0	2	4	3
20	96	0	0	0	410
21	0	0	1	1
21	96	0	0	0	412
22	0	3	2	3
22	96	0	0	0	411
23	0	3	3	6
23	96	0	0	0	410
24	0	0	4	1
24	96	0	0	0	409
25	0	0	1	5
25	96	0	0	0	412
26	0	2	0	2
26	96	0	0	0	412
27	0	0	1	1
27	96	0	0	0	412
28	0	2	3	3
28	96	0	0	0	412
29	0	3	0	1
29	96	0	0	0	412
30	0	7	2	2
30	96	0	0	0	410
31	0	0	1	3
31	96	0	0	0	411
32	0	5	1	4
32	96	0	0	0	411
33	0	2	2	3
33	96	0	0	0	410
34	0	0	3	8
34	96	0	0	0	411
35	0	2	3	5
35	96	0	0	0	409
36	0	5	1	2
36	96	0	0	0	412
37	0	1	3	6
37	96	0	0	0	410
38	0	3	3	2
38	96	0	0	0	409
39	0	2	6	4
39	96	0	0	0	411
40	0	0	4	5
40	96	0	0	0	411
41	0	0	3	3
41	96	0	0	0	411
42	0	5	1	5
42	96	0	0	0	411
43	0	1	2	4
43	96	0	0	0	410
44	0	2	4	2
44	96	0	0	0	409
45	0	2	4	4
45	96	0	0	0	408
46	0	0	7	5
46	96	0	0	0	409
47	0	3	1	2
47	96	0	0	0	411
48	0	0	2	6
48	96	0	0	0	412
49	0	0	4	4
49	96	0	0	0	410
50	0	0	2	1
50	96	0	0	0	411
51	0	2	3	4
51	96	0	0	0	410
52	0	2	3	4
52	96	0	0	0	409
53	0	2	1	5
53	96	0	0	0	411
54	0	1	2	5
54	96	0	0	0	411
55	0	5	1	0
55	96	0	0	0	412
56	0	3	3	5
56	96	0	0	0	410
57	0	3	5	2
57	96	0	0	0	407
58	0	1	2	7
58	96	0	0	0	411
59	0	2	3	6
59	96	0	0	0	411
60	0	2	3	7
60	96	0	0	0	410
61	0	0	0	2
61	96	0	0	0	412
62	0	0	1	5
62	96	0	0	0	411
63	0	0	2	2
63	96	0	0	0	411
64	0	3	1	4
64	96	0	0	0	411
0	0	9826	0	0
64	0	0	0	0	0	0	674	96	96	85
63	0	0	0	0	0	0	674	96	95	86
62	0	0	0	0	0	0	674	96	96	83
61	0	0	0	0	0	0	674	96	96	82
60	0	0	0	0	0	0	674	96	96	90
59	0	0	0	0	0	0	674	96	96	81
58	0	0	0	0	0	0	674	96	96	84
57	0	0	0	0	0	0	674	96	96	88
56	0	0	0	0	0	0	674	96	96	87
55	0	0	0	0	0	0	674	96	96	83
54	0	0	0	0	0	0	674	96	96	89
53	0	0	0	0	0	0	674	96	96	87
52	0	0	0	0	0	0	674	96	96	86
51	0	0	0	0	0	0	674	96	96	82
50	0	0	0	0	0	0	674	96	96	87
49	0	0	0	0	0	0	674	96	96	85
48	0	0	0	0	0	0	674	96	96	86
47	0	0	0	0	0	0	674	96	96	87
22	0	0	0	0	0	0	674	96	96	82
21	0	0	0	0	0	0	674	96	96	82
20	0	0	0	0	0	0	674	96	96	84
19	0	0	0	0	0	0	674	96	96	81
18	0	0	0	0	0	0	674	96	96	88
17	0	0	0	0	0	0	674	96	96	86
16	0	0	0	0	0	0	674	96	96	83
15	0	0	0	0	0	0	674	96	96	85
14	0	0	0	0	0	0	674	96	96	83
13	0	0	0	0	0	0	674	96	96	92
12	0	0	0	0	0	0	674	96	96	84
11	0	0	0	0	0	0	674	96	96	90
4	0	0	0	0	0	0	674	96	96	88
3	0	0	0	0	0	0	674	96	96	84
2	0	0	0	0	0	0	674	96	96	87
1	0	0	0	0	0	0	674	96	96	80
5	0	0	0	0	0	0	674	96	96	83
6	0	0	0	0	0	0	674	96	96	89
7	0	0	0	0	0	0	674	96	96	88
8	0	0	0	0	0	0	674	96	96	82
9	0	0	0	0	0	0	674	96	96	82
10	0	0	0	0	0	0	674	96	96	83
23	0	0	0	0	0	0	674	96	96	85
24	0	0	0	0	0	0	674	96	96	88
25	0	0	0	0	0	0	674	96	96	88
26	0	0	0	0	0	0	674	96	96	84
27	0	0	0	0	0	0	674	96	96	83
28	0	0	0	0	0	0	674	96	96	87
29	0	0	0	0	0	0	674	96	96	85
30	0	0	0	0	0	0	674	96	96	89
31	0	0	0	0	0	0	674	96	96	84
32	0	0	0	0	0	0	674	96	96	82
33	0	0	0	0	0	0	674	96	96	87
34	0	0	0	0	0	0	674	96	96	88
35	0	0	0	0	0	0	674	96	96	85
36	0	0	0	0	0	0	674	96	96	88
37	0	0	0	0	0	0	674	96	96	85
38	0	0	0	0	0	0	674	96	96	87
39	0	0	0	0	0	0	674	96	96	84
40	0	0	0	0	0	0	674	96	96	87
41	0	0	0	0	0	0	674	96	96	76
42	0	0	0	0	0	0	674	96	96	82
43	0	0	0	0	0	0	674	96	96	86
44	0	0	0	0	0	0	674	96	96	84
45	0	0	0	0	0	0	674	96	96	82
46	0	0	0	0	0	0	674	96	96	81

