0 0 4228 0 0
1 0 0 3 1
10 0 0 3 5
11 0 0 2 6
12 0 0 1 3
13 0 0 3 4
14 0 0 5 4
15 0 0 1 3
16 0 1 4 5
2 0 0 3 10
3 0 0 0 4
4 0 0 2 4
5 0 0 5 3
6 0 0 3 3
7 0 0 2 1
8 0 0 1 5
9 0 0 4 6

1 96 0 0 0 645
2 96 0 0 0 645
3 96 0 0 0 648
4 96 0 0 0 646
5 96 0 0 0 643
6 96 0 0 0 645
7 96 0 0 0 646
8 96 0 0 0 647
9 96 0 0 0 644
10 96 0 0 0 645
11 96 0 0 0 646
12 96 0 0 0 647
13 96 0 0 0 645
14 96 0 0 0 644
15 96 0 0 0 647
16 96 0 0 0 644

1 0 0 0 0 0 0 674 96 96 93
10 0 0 0 0 0 0 674 96 96 92
11 0 0 0 0 0 0 674 96 96 92
12 0 0 0 0 0 0 674 96 96 95
13 0 0 0 0 0 0 674 96 96 93
14 0 0 0 0 0 0 674 96 96 94
15 0 0 0 0 0 0 674 96 96 93
16 0 0 0 0 0 0 674 96 96 96
2 0 0 0 0 0 0 674 96 96 93
3 0 0 0 0 0 0 674 96 96 95
4 0 0 0 0 0 0 674 96 96 95
5 0 0 0 0 0 0 674 96 96 94
6 0 0 0 0 0 0 674 96 95 94
7 0 0 0 0 0 0 674 96 96 93
8 0 0 0 0 0 0 674 96 96 96
9 0 0 0 0 0 0 674 96 96 94
