0 0 6895 0 0
1 0 0 2 1
10 0 0 2 3
11 0 0 1 4
12 0 0 2 7
13 0 0 3 3
14 0 0 1 5
15 0 0 2 1
16 0 2 3 6
17 0 0 2 3
18 0 0 6 2
19 0 0 2 7
2 0 0 2 2
20 0 0 1 5
21 0 0 3 3
22 0 0 0 4
23 0 0 3 1
24 0 0 3 2
25 0 0 1 8
26 0 0 2 7
27 0 0 0 3
28 0 0 2 0
29 0 0 0 4
3 0 0 3 4
30 0 0 1 2
31 0 0 0 1
32 0 0 0 5
4 0 0 3 1
5 0 0 7 3
6 0 0 3 3
7 0 0 3 5
8 0 0 2 9
9 0 0 0 5

1 96 0 0 0 637
2 96 0 0 0 637
3 96 0 0 0 637
4 96 0 0 0 636
5 96 0 0 0 632
6 96 0 0 0 637
7 96 0 0 0 637
8 96 0 0 0 637
9 96 0 0 0 639
10 96 0 0 0 637
11 96 0 0 0 638
12 96 0 0 0 637
13 96 0 0 0 636
14 96 0 0 0 638
15 96 0 0 0 637
16 96 0 0 0 636
17 96 0 0 0 637
18 96 0 0 0 633
19 96 0 0 0 637
20 96 0 0 0 638
21 96 0 0 0 636
22 96 0 0 0 639
23 96 0 0 0 636
24 96 0 0 0 636
25 96 0 0 0 638
26 96 0 0 0 637
27 96 0 0 0 639
28 96 0 0 0 637
29 96 0 0 0 639
30 96 0 0 0 638
31 96 0 0 0 639
32 96 0 0 0 639

1 0 0 0 0 0 0 674 96 96 93
10 0 0 0 0 0 0 674 96 96 92
11 0 0 0 0 0 0 674 96 96 95
12 0 0 0 0 0 0 674 96 96 92
13 0 0 0 0 0 0 674 96 96 92
14 0 0 0 0 0 0 674 96 96 92
15 0 0 0 0 0 0 674 96 96 96
16 0 0 0 0 0 0 674 96 96 94
17 0 0 0 0 0 0 674 96 96 92
18 0 0 0 0 0 0 674 96 96 92
19 0 0 0 0 0 0 674 96 96 93
2 0 0 0 0 0 0 674 96 96 94
20 0 0 0 0 0 0 674 96 96 91
21 0 0 0 0 0 0 674 96 96 95
22 0 0 0 0 0 0 674 96 96 91
23 0 0 0 0 0 0 674 96 96 93
24 0 0 0 0 0 0 674 96 96 95
25 0 0 0 0 0 0 674 96 96 93
26 0 0 0 0 0 0 674 96 96 94
27 0 0 0 0 0 0 674 96 96 94
28 0 0 0 0 0 0 674 96 96 94
29 0 0 0 0 0 0 674 96 96 94
3 0 0 0 0 0 0 674 96 96 96
30 0 0 0 0 0 0 674 96 96 93
31 0 0 0 0 0 0 674 96 96 92
32 0 0 0 0 0 0 674 96 96 93
4 0 0 0 0 0 0 674 96 95 94
5 0 0 0 0 0 0 674 96 96 92
6 0 0 0 0 0 0 674 96 96 91
7 0 0 0 0 0 0 674 96 96 95
8 0 0 0 0 0 0 674 96 96 95
9 0 0 0 0 0 0 674 96 96 91
