0 0 11756 0 0
1 0 0 3 5
10 0 0 3 4
11 0 0 2 5
12 0 0 1 2
13 0 0 1 3
14 0 0 2 3
15 0 0 4 6
16 0 0 2 3
17 0 0 2 4
18 0 0 1 4
19 0 0 2 4
2 0 0 1 3
20 0 0 3 3
21 0 0 0 3
22 0 0 1 2
23 0 0 2 6
24 0 0 2 2
25 0 0 0 3
26 0 0 0 1
27 0 0 1 1
28 0 0 2 6
29 0 0 0 1
3 0 0 0 3
30 0 0 1 1
31 0 0 1 3
32 0 0 0 4
33 0 0 2 2
34 0 0 2 8
35 0 0 2 4
36 0 0 0 2
37 0 0 1 8
38 0 1 3 2
39 0 0 5 5
4 0 0 4 1
40 0 0 3 3
41 0 0 2 5
42 0 1 1 4
43 0 0 1 2
44 0 0 2 1
45 0 0 3 3
46 0 0 5 5
47 0 0 1 2
48 0 0 2 6
49 0 0 4 4
5 0 0 1 4
50 0 0 2 3
51 0 0 3 3
52 0 0 3 5
53 0 1 1 6
54 0 0 2 5
55 0 0 2 1
56 0 0 3 2
57 0 0 5 1
58 0 0 2 7
59 0 0 2 6
6 0 0 1 5
60 0 0 3 9
61 0 0 0 3
62 0 0 1 3
63 0 0 2 3
64 0 0 0 4
7 0 0 1 8
8 0 0 0 2
9 0 0 2 2

1 96 0 0 0 618
2 96 0 0 0 620
3 96 0 0 0 621
4 96 0 0 0 618
5 96 0 0 0 620
6 96 0 0 0 620
7 96 0 0 0 620
8 96 0 0 0 621
9 96 0 0 0 619
10 96 0 0 0 618
11 96 0 0 0 619
12 96 0 0 0 620
13 96 0 0 0 620
14 96 0 0 0 619
15 96 0 0 0 617
16 96 0 0 0 620
17 96 0 0 0 619
18 96 0 0 0 620
19 96 0 0 0 619
20 96 0 0 0 618
21 96 0 0 0 621
22 96 0 0 0 620
23 96 0 0 0 619
24 96 0 0 0 619
25 96 0 0 0 621
26 96 0 0 0 621
27 96 0 0 0 620
28 96 0 0 0 619
29 96 0 0 0 621
30 96 0 0 0 620
31 96 0 0 0 620
32 96 0 0 0 621
33 96 0 0 0 619
34 96 0 0 0 619
35 96 0 0 0 620
36 96 0 0 0 621
37 96 0 0 0 620
38 96 0 0 0 618
39 96 0 0 0 618
40 96 0 0 0 618
41 96 0 0 0 619
42 96 0 0 0 620
43 96 0 0 0 620
44 96 0 0 0 619
45 96 0 0 0 618
46 96 0 0 0 616
47 96 0 0 0 620
48 96 0 0 0 619
49 96 0 0 0 618
50 96 0 0 0 619
51 96 0 0 0 619
52 96 0 0 0 618
53 96 0 0 0 620
54 96 0 0 0 619
55 96 0 0 0 619
56 96 0 0 0 618
57 96 0 0 0 616
58 96 0 0 0 619
59 96 0 0 0 620
60 96 0 0 0 618
61 96 0 0 0 621
62 96 0 0 0 620
63 96 0 0 0 619
64 96 0 0 0 621

1 0 0 0 0 0 0 674 96 96 91
10 0 0 0 0 0 0 674 96 96 89
11 0 0 0 0 0 0 674 96 96 94
12 0 0 0 0 0 0 674 96 96 93
13 0 0 0 0 0 0 674 96 96 95
14 0 0 0 0 0 0 674 96 96 92
15 0 0 0 0 0 0 674 96 96 92
16 0 0 0 0 0 0 674 96 96 89
17 0 0 0 0 0 0 674 96 96 92
18 0 0 0 0 0 0 674 96 96 92
19 0 0 0 0 0 0 674 96 96 86
2 0 0 0 0 0 0 674 96 96 92
20 0 0 0 0 0 0 674 96 96 91
21 0 0 0 0 0 0 674 96 96 92
22 0 0 0 0 0 0 674 96 96 91
23 0 0 0 0 0 0 674 96 96 92
24 0 0 0 0 0 0 674 96 96 94
25 0 0 0 0 0 0 674 96 96 87
26 0 0 0 0 0 0 674 96 96 90
27 0 0 0 0 0 0 674 96 96 90
28 0 0 0 0 0 0 674 96 96 92
29 0 0 0 0 0 0 674 96 96 89
3 0 0 0 0 0 0 674 96 96 93
30 0 0 0 0 0 0 674 96 96 92
31 0 0 0 0 0 0 674 96 96 89
32 0 0 0 0 0 0 674 96 96 89
33 0 0 0 0 0 0 674 96 96 92
34 0 0 0 0 0 0 674 96 96 92
35 0 0 0 0 0 0 674 96 96 91
36 0 0 0 0 0 0 674 96 96 91
37 0 0 0 0 0 0 674 96 96 93
38 0 0 0 0 0 0 674 96 96 94
39 0 0 0 0 0 0 674 96 96 91
4 0 0 0 0 0 0 674 96 96 93
40 0 0 0 0 0 0 674 96 96 92
41 0 0 0 0 0 0 674 96 96 89
42 0 0 0 0 0 0 674 96 96 93
43 0 0 0 0 0 0 674 96 96 92
44 0 0 0 0 0 0 674 96 96 88
45 0 0 0 0 0 0 674 96 96 89
46 0 0 0 0 0 0 674 96 96 90
47 0 0 0 0 0 0 674 96 96 94
48 0 0 0 0 0 0 674 96 96 93
49 0 0 0 0 0 0 674 96 96 92
5 0 0 0 0 0 0 674 96 96 86
50 0 0 0 0 0 0 674 96 96 91
51 0 0 0 0 0 0 674 96 96 89
52 0 0 0 0 0 0 674 96 96 88
53 0 0 0 0 0 0 674 96 96 94
54 0 0 0 0 0 0 674 96 96 92
55 0 0 0 0 0 0 674 96 96 88
56 0 0 0 0 0 0 674 96 96 93
57 0 0 0 0 0 0 674 96 96 93
58 0 0 0 0 0 0 674 96 96 93
59 0 0 0 0 0 0 674 96 96 89
6 0 0 0 0 0 0 674 96 96 93
60 0 0 0 0 0 0 674 96 96 95
61 0 0 0 0 0 0 674 96 96 85
62 0 0 0 0 0 0 674 96 96 90
63 0 0 0 0 0 0 674 96 95 88
64 0 0 0 0 0 0 674 96 96 93
7 0 0 0 0 0 0 674 96 96 93
8 0 0 0 0 0 0 674 96 96 91
9 0 0 0 0 0 0 674 96 96 94
