0 0 2179 0 0
1 0 9 4 4
10 0 1 4 6
11 0 13 2 9
12 0 6 1 5
13 0 0 5 6
14 0 3 5 4
15 0 3 2 5
16 0 7 4 5
2 0 5 4 11
3 0 2 1 6
4 0 0 2 6
5 0 2 6 4
6 0 0 4 5
7 0 2 3 3
8 0 8 1 5
9 0 5 3 9

1 96 0 0 89 669
2 96 0 0 91 669
3 96 0 0 90 672
4 96 0 0 93 671
5 96 0 0 93 667
6 96 0 0 87 669
7 96 0 0 94 670
8 96 0 0 92 672
9 96 0 0 93 670
10 96 0 0 89 669
11 96 0 0 88 671
12 96 0 0 92 672
13 96 0 0 89 668
14 96 0 0 91 668
15 96 0 0 89 671
16 96 0 0 90 669

1 0 0 0 0 0 0 674 96 96 91
10 0 0 0 0 0 0 674 96 96 88
11 0 0 0 0 0 0 674 96 96 84
12 0 0 0 0 0 0 674 96 96 94
13 0 0 0 0 0 0 674 96 96 90
14 0 0 0 0 0 0 674 96 96 91
15 0 0 0 0 0 0 674 96 96 90
16 0 0 0 0 0 0 674 96 96 93
2 0 0 0 0 0 0 674 96 96 93
3 0 0 0 0 0 0 674 96 96 95
4 0 0 0 0 0 0 674 96 96 91
5 0 0 0 0 0 0 674 96 96 94
6 0 0 0 0 0 0 674 96 95 94
7 0 0 0 0 0 0 674 96 96 93
8 0 0 0 0 0 0 674 96 96 94
9 0 0 0 0 0 0 674 96 96 90
