0 0 3718 0 0
1 0 3 2 1
10 0 3 2 4
11 0 5 3 6
12 0 5 3 7
13 0 0 5 5
14 0 0 2 5
15 0 2 3 2
16 0 10 3 7
17 0 0 2 6
18 0 1 7 4
19 0 2 2 9
2 0 0 3 4
20 0 3 1 7
21 0 3 3 4
22 0 2 1 5
23 0 1 3 3
24 0 3 3 3
25 0 3 2 8
26 0 4 2 11
27 0 3 1 3
28 0 1 2 2
29 0 0 2 7
3 0 2 3 5
30 0 1 3 2
31 0 4 1 2
32 0 3 1 6
4 0 0 4 1
5 0 1 7 3
6 0 7 3 3
7 0 4 3 7
8 0 6 3 12
9 0 1 1 6

1 96 0 0 79 672
2 96 0 0 86 671
3 96 0 0 89 671
4 96 0 0 86 670
5 96 0 0 91 667
6 96 0 0 88 671
7 96 0 0 88 671
8 96 0 0 88 671
9 96 0 0 87 673
10 96 0 0 89 672
11 96 0 0 89 671
12 96 0 0 84 671
13 96 0 0 90 669
14 96 0 0 84 672
15 96 0 0 83 671
16 96 0 0 84 671
17 96 0 0 89 672
18 96 0 0 88 667
19 96 0 0 90 672
20 96 0 0 90 673
21 96 0 0 85 671
22 96 0 0 92 673
23 96 0 0 85 671
24 96 0 0 88 671
25 96 0 0 89 672
26 96 0 0 88 672
27 96 0 0 91 673
28 96 0 0 94 672
29 96 0 0 83 672
30 96 0 0 85 671
31 96 0 0 86 673
32 96 0 0 87 673

1 0 0 0 0 0 0 674 96 96 87
10 0 0 0 0 0 0 674 96 96 87
11 0 0 0 0 0 0 674 96 96 93
12 0 0 0 0 0 0 674 96 96 87
13 0 0 0 0 0 0 674 96 96 90
14 0 0 0 0 0 0 674 96 96 88
15 0 0 0 0 0 0 674 96 96 94
16 0 0 0 0 0 0 674 96 96 88
17 0 0 0 0 0 0 674 96 96 92
18 0 0 0 0 0 0 674 96 96 89
19 0 0 0 0 0 0 674 96 96 92
2 0 0 0 0 0 0 674 96 96 90
20 0 0 0 0 0 0 674 96 96 86
21 0 0 0 0 0 0 674 96 96 90
22 0 0 0 0 0 0 674 96 96 89
23 0 0 0 0 0 0 674 96 96 93
24 0 0 0 0 0 0 674 96 96 88
25 0 0 0 0 0 0 674 96 96 88
26 0 0 0 0 0 0 674 96 96 92
27 0 0 0 0 0 0 674 96 96 90
28 0 0 0 0 0 0 674 96 96 89
29 0 0 0 0 0 0 674 96 96 89
3 0 0 0 0 0 0 674 96 96 93
30 0 0 0 0 0 0 674 96 96 90
31 0 0 0 0 0 0 674 96 96 90
32 0 0 0 0 0 0 674 96 96 94
4 0 0 0 0 0 0 674 96 95 92
5 0 0 0 0 0 0 674 96 96 85
6 0 0 0 0 0 0 674 96 96 89
7 0 0 0 0 0 0 674 96 96 89
8 0 0 0 0 0 0 674 96 96 95
9 0 0 0 0 0 0 674 96 96 84
