0 0 6740 0 0
1 0 2 3 7
10 0 4 3 5
11 0 0 3 5
12 0 3 1 3
13 0 2 3 4
14 0 2 2 4
15 0 0 4 6
16 0 0 2 5
17 0 1 3 4
18 0 5 1 5
19 0 2 2 6
2 0 2 2 3
20 0 2 4 6
21 0 0 1 3
22 0 3 2 5
23 0 3 3 8
24 0 0 4 4
25 0 0 1 5
26 0 2 0 4
27 0 0 1 1
28 0 3 3 9
29 0 3 0 1
3 0 0 3 5
30 0 7 2 3
31 0 0 1 4
32 0 5 1 4
33 0 2 2 5
34 0 0 3 14
35 0 2 3 7
36 0 6 1 5
37 0 1 3 8
38 0 4 3 3
39 0 2 6 9
4 0 5 6 1
40 0 0 4 5
41 0 0 3 9
42 0 5 1 8
43 0 1 2 5
44 0 2 4 2
45 0 2 4 5
46 0 0 7 7
47 0 5 1 4
48 0 0 2 8
49 0 0 4 6
5 0 2 1 7
50 0 0 2 4
51 0 2 3 6
52 0 3 3 6
53 0 3 1 8
54 0 1 2 8
55 0 5 1 1
56 0 4 3 5
57 0 4 5 3
58 0 1 2 9
59 0 2 3 7
6 0 3 1 6
60 0 4 3 8
61 0 0 0 5
62 0 0 1 6
63 0 0 2 3
64 0 3 1 4
7 0 3 1 9
8 0 3 0 4
9 0 0 3 4

1 96 0 0 83 671
2 96 0 0 78 672
3 96 0 0 85 671
4 96 0 0 82 668
5 96 0 0 77 673
6 96 0 0 81 673
7 96 0 0 85 673
8 96 0 0 88 674
9 96 0 0 80 671
10 96 0 0 88 671
11 96 0 0 82 671
12 96 0 0 84 673
13 96 0 0 71 671
14 96 0 0 84 672
15 96 0 0 78 670
16 96 0 0 82 672
17 96 0 0 85 671
18 96 0 0 84 673
19 96 0 0 76 672
20 96 0 0 87 670
21 96 0 0 80 673
22 96 0 0 77 672
23 96 0 0 70 671
24 96 0 0 81 670
25 96 0 0 82 673
26 96 0 0 83 674
27 96 0 0 85 673
28 96 0 0 89 671
29 96 0 0 84 674
30 96 0 0 78 672
31 96 0 0 82 673
32 96 0 0 80 673
33 96 0 0 78 672
34 96 0 0 79 671
35 96 0 0 80 671
36 96 0 0 86 673
37 96 0 0 84 671
38 96 0 0 83 671
39 96 0 0 81 668
40 96 0 0 76 670
41 96 0 0 79 671
42 96 0 0 76 673
43 96 0 0 83 672
44 96 0 0 80 670
45 96 0 0 80 670
46 96 0 0 80 667
47 96 0 0 90 673
48 96 0 0 77 672
49 96 0 0 80 670
50 96 0 0 80 672
51 96 0 0 84 671
52 96 0 0 82 671
53 96 0 0 86 673
54 96 0 0 82 672
55 96 0 0 84 673
56 96 0 0 80 671
57 96 0 0 86 669
58 96 0 0 89 672
59 96 0 0 79 671
60 96 0 0 80 671
61 96 0 0 75 674
62 96 0 0 77 673
63 96 0 0 77 672
64 96 0 0 84 673

1 0 0 0 0 0 0 674 96 96 83
10 0 0 0 0 0 0 674 96 96 83
11 0 0 0 0 0 0 674 96 96 88
12 0 0 0 0 0 0 674 96 96 85
13 0 0 0 0 0 0 674 96 96 91
14 0 0 0 0 0 0 674 96 96 79
15 0 0 0 0 0 0 674 96 96 84
16 0 0 0 0 0 0 674 96 96 85
17 0 0 0 0 0 0 674 96 96 85
18 0 0 0 0 0 0 674 96 96 87
19 0 0 0 0 0 0 674 96 96 81
2 0 0 0 0 0 0 674 96 96 89
20 0 0 0 0 0 0 674 96 96 82
21 0 0 0 0 0 0 674 96 96 86
22 0 0 0 0 0 0 674 96 96 80
23 0 0 0 0 0 0 674 96 96 89
24 0 0 0 0 0 0 674 96 96 90
25 0 0 0 0 0 0 674 96 96 83
26 0 0 0 0 0 0 674 96 96 85
27 0 0 0 0 0 0 674 96 96 85
28 0 0 0 0 0 0 674 96 96 83
29 0 0 0 0 0 0 674 96 96 84
3 0 0 0 0 0 0 674 96 96 89
30 0 0 0 0 0 0 674 96 96 85
31 0 0 0 0 0 0 674 96 96 83
32 0 0 0 0 0 0 674 96 96 85
33 0 0 0 0 0 0 674 96 96 86
34 0 0 0 0 0 0 674 96 96 83
35 0 0 0 0 0 0 674 96 96 87
36 0 0 0 0 0 0 674 96 96 86
37 0 0 0 0 0 0 674 96 96 83
38 0 0 0 0 0 0 674 96 96 84
39 0 0 0 0 0 0 674 96 96 84
4 0 0 0 0 0 0 674 96 96 89
40 0 0 0 0 0 0 674 96 96 87
41 0 0 0 0 0 0 674 96 96 80
42 0 0 0 0 0 0 674 96 96 87
43 0 0 0 0 0 0 674 96 96 84
44 0 0 0 0 0 0 674 96 96 85
45 0 0 0 0 0 0 674 96 96 81
46 0 0 0 0 0 0 674 96 96 79
47 0 0 0 0 0 0 674 96 96 89
48 0 0 0 0 0 0 674 96 96 82
49 0 0 0 0 0 0 674 96 96 84
5 0 0 0 0 0 0 674 96 96 81
50 0 0 0 0 0 0 674 96 96 87
51 0 0 0 0 0 0 674 96 96 83
52 0 0 0 0 0 0 674 96 96 84
53 0 0 0 0 0 0 674 96 96 86
54 0 0 0 0 0 0 674 96 96 88
55 0 0 0 0 0 0 674 96 96 83
56 0 0 0 0 0 0 674 96 96 88
57 0 0 0 0 0 0 674 96 96 86
58 0 0 0 0 0 0 674 96 96 85
59 0 0 0 0 0 0 674 96 96 82
6 0 0 0 0 0 0 674 96 96 89
60 0 0 0 0 0 0 674 96 96 89
61 0 0 0 0 0 0 674 96 96 84
62 0 0 0 0 0 0 674 96 96 79
63 0 0 0 0 0 0 674 96 95 86
64 0 0 0 0 0 0 674 96 96 84
7 0 0 0 0 0 0 674 96 96 86
8 0 0 0 0 0 0 674 96 96 88
9 0 0 0 0 0 0 674 96 96 82
