0 0 2179 0 0
1 0 0 3 1
10 0 0 2 5
11 0 0 2 6
12 0 0 1 3
13 0 0 3 4
14 0 0 4 4
15 0 0 1 3
16 0 0 3 4
2 0 0 3 10
3 0 0 0 4
4 0 0 2 3
5 0 0 5 3
6 0 0 3 3
7 0 0 2 1
8 0 0 1 5
9 0 0 4 7

1 96 0 0 90 670
2 96 0 0 91 670
3 96 0 0 90 673
4 96 0 0 93 671
5 96 0 0 93 668
6 96 0 0 87 670
7 96 0 0 94 671
8 96 0 0 92 672
9 96 0 0 93 669
10 96 0 0 89 671
11 96 0 0 88 671
12 96 0 0 93 672
13 96 0 0 90 670
14 96 0 0 91 669
15 96 0 0 89 672
16 96 0 0 90 670

1 0 0 0 0 0 0 674 96 96 94
10 0 0 0 0 0 0 674 96 96 92
11 0 0 0 0 0 0 674 96 96 94
12 0 0 0 0 0 0 674 96 96 96
13 0 0 0 0 0 0 674 96 96 94
14 0 0 0 0 0 0 674 96 96 95
15 0 0 0 0 0 0 674 96 96 96
16 0 0 0 0 0 0 674 96 96 96
2 0 0 0 0 0 0 674 96 96 94
3 0 0 0 0 0 0 674 96 96 96
4 0 0 0 0 0 0 674 96 96 95
5 0 0 0 0 0 0 674 96 96 95
6 0 0 0 0 0 0 674 96 95 96
7 0 0 0 0 0 0 674 96 96 94
8 0 0 0 0 0 0 674 96 96 96
9 0 0 0 0 0 0 674 96 96 95
