0 0 6740 0 0
1 0 0 3 4
10 0 0 3 4
11 0 0 2 5
12 0 0 1 2
13 0 0 0 3
14 0 0 2 3
15 0 0 4 6
16 0 0 2 3
17 0 0 2 4
18 0 0 1 4
19 0 0 2 5
2 0 0 1 3
20 0 0 2 4
21 0 0 0 3
22 0 0 1 1
23 0 0 2 6
24 0 0 1 2
25 0 0 0 2
26 0 0 0 0
27 0 0 1 1
28 0 0 2 5
29 0 0 0 1
3 0 0 0 5
30 0 0 1 2
31 0 0 1 3
32 0 0 0 4
33 0 0 2 2
34 0 0 1 11
35 0 0 2 5
36 0 0 0 4
37 0 0 1 8
38 0 0 3 3
39 0 0 4 6
4 0 0 4 1
40 0 0 3 2
41 0 0 2 4
42 0 0 1 4
43 0 0 1 2
44 0 0 2 1
45 0 0 3 4
46 0 0 5 6
47 0 0 1 2
48 0 0 2 6
49 0 0 4 4
5 0 0 1 4
50 0 0 2 3
51 0 0 3 2
52 0 0 2 5
53 0 1 1 6
54 0 0 2 5
55 0 0 2 1
56 0 0 3 2
57 0 0 5 1
58 0 0 2 8
59 0 0 2 6
6 0 0 1 5
60 0 0 2 9
61 0 0 0 3
62 0 0 1 3
63 0 0 2 3
64 0 0 0 4
7 0 0 0 6
8 0 0 0 2
9 0 0 1 2

1 96 0 0 83 671
2 96 0 0 78 673
3 96 0 0 85 674
4 96 0 0 82 670
5 96 0 0 78 673
6 96 0 0 81 673
7 96 0 0 85 674
8 96 0 0 88 674
9 96 0 0 81 673
10 96 0 0 88 671
11 96 0 0 82 672
12 96 0 0 84 673
13 96 0 0 72 674
14 96 0 0 84 672
15 96 0 0 78 670
16 96 0 0 82 672
17 96 0 0 85 672
18 96 0 0 84 673
19 96 0 0 76 672
20 96 0 0 88 672
21 96 0 0 80 674
22 96 0 0 77 673
23 96 0 0 71 672
24 96 0 0 81 673
25 96 0 0 83 674
26 96 0 0 83 674
27 96 0 0 85 673
28 96 0 0 89 672
29 96 0 0 84 674
30 96 0 0 78 673
31 96 0 0 82 673
32 96 0 0 80 674
33 96 0 0 77 672
34 96 0 0 79 673
35 96 0 0 80 672
36 96 0 0 87 674
37 96 0 0 84 673
38 96 0 0 83 671
39 96 0 0 82 670
40 96 0 0 77 671
41 96 0 0 79 672
42 96 0 0 76 673
43 96 0 0 83 673
44 96 0 0 80 672
45 96 0 0 80 671
46 96 0 0 80 669
47 96 0 0 90 673
48 96 0 0 77 672
49 96 0 0 81 670
50 96 0 0 80 672
51 96 0 0 84 671
52 96 0 0 82 672
53 96 0 0 86 673
54 96 0 0 82 672
55 96 0 0 84 672
56 96 0 0 81 671
57 96 0 0 86 669
58 96 0 0 89 672
59 96 0 0 79 672
60 96 0 0 81 672
61 96 0 0 75 674
62 96 0 0 77 673
63 96 0 0 77 672
64 96 0 0 84 674

1 0 0 0 0 0 0 674 96 96 93
10 0 0 0 0 0 0 674 96 96 93
11 0 0 0 0 0 0 674 96 96 95
12 0 0 0 0 0 0 674 96 96 92
13 0 0 0 0 0 0 674 96 96 96
14 0 0 0 0 0 0 674 96 96 94
15 0 0 0 0 0 0 674 96 96 93
16 0 0 0 0 0 0 674 96 96 91
17 0 0 0 0 0 0 674 96 96 91
18 0 0 0 0 0 0 674 96 96 92
19 0 0 0 0 0 0 674 96 96 92
2 0 0 0 0 0 0 674 96 96 95
20 0 0 0 0 0 0 674 96 96 93
21 0 0 0 0 0 0 674 96 96 93
22 0 0 0 0 0 0 674 96 96 91
23 0 0 0 0 0 0 674 96 96 95
24 0 0 0 0 0 0 674 96 96 95
25 0 0 0 0 0 0 674 96 96 91
26 0 0 0 0 0 0 674 96 96 93
27 0 0 0 0 0 0 674 96 96 93
28 0 0 0 0 0 0 674 96 96 93
29 0 0 0 0 0 0 674 96 96 92
3 0 0 0 0 0 0 674 96 96 94
30 0 0 0 0 0 0 674 96 96 94
31 0 0 0 0 0 0 674 96 96 92
32 0 0 0 0 0 0 674 96 96 92
33 0 0 0 0 0 0 674 96 96 94
34 0 0 0 0 0 0 674 96 96 93
35 0 0 0 0 0 0 674 96 96 93
36 0 0 0 0 0 0 674 96 96 92
37 0 0 0 0 0 0 674 96 96 92
38 0 0 0 0 0 0 674 96 96 94
39 0 0 0 0 0 0 674 96 96 94
4 0 0 0 0 0 0 674 96 96 95
40 0 0 0 0 0 0 674 96 96 94
41 0 0 0 0 0 0 674 96 96 92
42 0 0 0 0 0 0 674 96 96 95
43 0 0 0 0 0 0 674 96 96 93
44 0 0 0 0 0 0 674 96 96 94
45 0 0 0 0 0 0 674 96 96 91
46 0 0 0 0 0 0 674 96 96 94
47 0 0 0 0 0 0 674 96 96 94
48 0 0 0 0 0 0 674 96 96 94
49 0 0 0 0 0 0 674 96 96 93
5 0 0 0 0 0 0 674 96 96 91
50 0 0 0 0 0 0 674 96 96 94
51 0 0 0 0 0 0 674 96 96 92
52 0 0 0 0 0 0 674 96 96 93
53 0 0 0 0 0 0 674 96 96 95
54 0 0 0 0 0 0 674 96 96 94
55 0 0 0 0 0 0 674 96 96 91
56 0 0 0 0 0 0 674 96 96 94
57 0 0 0 0 0 0 674 96 96 94
58 0 0 0 0 0 0 674 96 96 96
59 0 0 0 0 0 0 674 96 96 92
6 0 0 0 0 0 0 674 96 96 95
60 0 0 0 0 0 0 674 96 96 95
61 0 0 0 0 0 0 674 96 96 89
62 0 0 0 0 0 0 674 96 96 91
63 0 0 0 0 0 0 674 96 95 92
64 0 0 0 0 0 0 674 96 96 96
7 0 0 0 0 0 0 674 96 96 94
8 0 0 0 0 0 0 674 96 96 92
9 0 0 0 0 0 0 674 96 96 95
