0 0 2183 0 0
1 0 0 3 1
10 0 0 2 5
11 0 0 2 6
12 0 0 0 3
13 0 0 3 4
14 0 0 4 4
15 0 0 1 3
16 0 0 3 4
2 0 0 3 10
3 0 0 0 4
4 0 0 2 3
5 0 0 5 3
6 0 0 3 3
7 0 0 2 1
8 0 0 1 5
9 0 0 4 7

1 96 0 0 0 670
2 96 0 0 0 670
3 96 0 0 0 673
4 96 0 0 0 671
5 96 0 0 0 668
6 96 0 0 0 670
7 96 0 0 0 671
8 96 0 0 0 672
9 96 0 0 0 669
10 96 0 0 0 671
11 96 0 0 0 671
12 96 0 0 0 673
13 96 0 0 0 670
14 96 0 0 0 669
15 96 0 0 0 672
16 96 0 0 0 670

1 0 0 0 0 0 0 674 96 96 95
10 0 0 0 0 0 0 674 96 96 96
11 0 0 0 0 0 0 674 96 96 95
12 0 0 0 0 0 0 674 96 96 96
13 0 0 0 0 0 0 674 96 96 95
14 0 0 0 0 0 0 674 96 96 96
15 0 0 0 0 0 0 674 96 96 96
16 0 0 0 0 0 0 674 96 96 96
2 0 0 0 0 0 0 674 96 96 95
3 0 0 0 0 0 0 674 96 96 96
4 0 0 0 0 0 0 674 96 96 96
5 0 0 0 0 0 0 674 96 96 96
6 0 0 0 0 0 0 674 96 95 96
7 0 0 0 0 0 0 674 96 96 96
8 0 0 0 0 0 0 674 96 96 96
9 0 0 0 0 0 0 674 96 96 95
