0 0 3720 0 0
1 0 0 2 1
10 0 0 2 3
11 0 0 1 4
12 0 0 2 7
13 0 0 3 3
14 0 0 1 5
15 0 0 1 1
16 0 0 4 7
17 0 0 1 3
18 0 0 6 2
19 0 0 2 6
2 0 0 2 1
20 0 0 1 5
21 0 0 3 3
22 0 0 0 2
23 0 0 1 1
24 0 0 1 2
25 0 0 1 8
26 0 0 2 8
27 0 0 0 3
28 0 0 2 0
29 0 0 0 4
3 0 0 2 4
30 0 0 1 2
31 0 0 0 2
32 0 0 0 5
4 0 0 3 1
5 0 0 7 3
6 0 0 2 3
7 0 0 2 5
8 0 0 2 7
9 0 0 0 5

1 96 0 0 0 672
2 96 0 0 0 672
3 96 0 0 0 672
4 96 0 0 0 671
5 96 0 0 0 667
6 96 0 0 0 672
7 96 0 0 0 672
8 96 0 0 0 672
9 96 0 0 0 674
10 96 0 0 0 672
11 96 0 0 0 673
12 96 0 0 0 672
13 96 0 0 0 671
14 96 0 0 0 673
15 96 0 0 0 673
16 96 0 0 0 670
17 96 0 0 0 673
18 96 0 0 0 668
19 96 0 0 0 672
20 96 0 0 0 673
21 96 0 0 0 671
22 96 0 0 0 674
23 96 0 0 0 673
24 96 0 0 0 673
25 96 0 0 0 673
26 96 0 0 0 672
27 96 0 0 0 674
28 96 0 0 0 672
29 96 0 0 0 674
30 96 0 0 0 673
31 96 0 0 0 674
32 96 0 0 0 674

1 0 0 0 0 0 0 674 96 96 95
10 0 0 0 0 0 0 674 96 96 94
11 0 0 0 0 0 0 674 96 96 95
12 0 0 0 0 0 0 674 96 96 96
13 0 0 0 0 0 0 674 96 96 95
14 0 0 0 0 0 0 674 96 96 95
15 0 0 0 0 0 0 674 96 96 96
16 0 0 0 0 0 0 674 96 96 96
17 0 0 0 0 0 0 674 96 96 95
18 0 0 0 0 0 0 674 96 96 96
19 0 0 0 0 0 0 674 96 96 95
2 0 0 0 0 0 0 674 96 96 95
20 0 0 0 0 0 0 674 96 96 95
21 0 0 0 0 0 0 674 96 96 96
22 0 0 0 0 0 0 674 96 96 94
23 0 0 0 0 0 0 674 96 96 96
24 0 0 0 0 0 0 674 96 96 96
25 0 0 0 0 0 0 674 96 96 95
26 0 0 0 0 0 0 674 96 96 96
27 0 0 0 0 0 0 674 96 96 94
28 0 0 0 0 0 0 674 96 96 95
29 0 0 0 0 0 0 674 96 96 96
3 0 0 0 0 0 0 674 96 96 96
30 0 0 0 0 0 0 674 96 96 94
31 0 0 0 0 0 0 674 96 96 95
32 0 0 0 0 0 0 674 96 96 96
4 0 0 0 0 0 0 674 96 95 96
5 0 0 0 0 0 0 674 96 96 94
6 0 0 0 0 0 0 674 96 96 93
7 0 0 0 0 0 0 674 96 96 96
8 0 0 0 0 0 0 674 96 96 96
9 0 0 0 0 0 0 674 96 96 95
