0 0 6773 0 0
1 0 0 3 4
10 0 0 3 4
11 0 0 2 5
12 0 0 1 2
13 0 0 0 3
14 0 0 2 3
15 0 0 4 6
16 0 0 2 2
17 0 0 2 4
18 0 0 1 4
19 0 0 1 5
2 0 0 1 2
20 0 0 2 4
21 0 0 0 3
22 0 0 1 1
23 0 0 2 6
24 0 0 1 2
25 0 0 0 2
26 0 0 0 0
27 0 0 1 1
28 0 0 2 5
29 0 0 0 1
3 0 0 0 5
30 0 0 1 2
31 0 0 1 3
32 0 0 0 4
33 0 0 2 2
34 0 0 0 10
35 0 0 2 5
36 0 0 0 4
37 0 0 1 8
38 0 0 3 3
39 0 0 4 6
4 0 0 4 1
40 0 0 2 2
41 0 0 2 4
42 0 0 1 4
43 0 0 1 2
44 0 0 2 0
45 0 0 3 4
46 0 0 5 6
47 0 0 1 2
48 0 0 1 6
49 0 0 4 4
5 0 0 1 4
50 0 0 2 3
51 0 0 3 2
52 0 0 2 5
53 0 1 1 6
54 0 0 2 5
55 0 0 2 1
56 0 0 3 2
57 0 0 5 1
58 0 0 2 8
59 0 0 2 6
6 0 0 1 5
60 0 0 2 9
61 0 0 0 3
62 0 0 1 3
63 0 0 2 3
64 0 0 0 4
7 0 0 0 6
8 0 0 0 2
9 0 0 1 2

1 96 0 0 0 671
2 96 0 0 0 673
3 96 0 0 0 674
4 96 0 0 0 670
5 96 0 0 0 673
6 96 0 0 0 673
7 96 0 0 0 674
8 96 0 0 0 674
9 96 0 0 0 673
10 96 0 0 0 671
11 96 0 0 0 672
12 96 0 0 0 673
13 96 0 0 0 674
14 96 0 0 0 672
15 96 0 0 0 670
16 96 0 0 0 672
17 96 0 0 0 672
18 96 0 0 0 673
19 96 0 0 0 673
20 96 0 0 0 672
21 96 0 0 0 674
22 96 0 0 0 673
23 96 0 0 0 672
24 96 0 0 0 673
25 96 0 0 0 674
26 96 0 0 0 674
27 96 0 0 0 673
28 96 0 0 0 672
29 96 0 0 0 674
30 96 0 0 0 673
31 96 0 0 0 673
32 96 0 0 0 674
33 96 0 0 0 672
34 96 0 0 0 674
35 96 0 0 0 672
36 96 0 0 0 674
37 96 0 0 0 673
38 96 0 0 0 671
39 96 0 0 0 670
40 96 0 0 0 672
41 96 0 0 0 672
42 96 0 0 0 673
43 96 0 0 0 673
44 96 0 0 0 672
45 96 0 0 0 671
46 96 0 0 0 669
47 96 0 0 0 673
48 96 0 0 0 673
49 96 0 0 0 670
50 96 0 0 0 672
51 96 0 0 0 671
52 96 0 0 0 672
53 96 0 0 0 673
54 96 0 0 0 672
55 96 0 0 0 672
56 96 0 0 0 671
57 96 0 0 0 669
58 96 0 0 0 672
59 96 0 0 0 672
60 96 0 0 0 672
61 96 0 0 0 674
62 96 0 0 0 673
63 96 0 0 0 672
64 96 0 0 0 674

1 0 0 0 0 0 0 674 96 96 94
10 0 0 0 0 0 0 674 96 96 93
11 0 0 0 0 0 0 674 96 96 95
12 0 0 0 0 0 0 674 96 96 95
13 0 0 0 0 0 0 674 96 96 95
14 0 0 0 0 0 0 674 96 96 95
15 0 0 0 0 0 0 674 96 96 94
16 0 0 0 0 0 0 674 96 96 93
17 0 0 0 0 0 0 674 96 96 94
18 0 0 0 0 0 0 674 96 96 93
19 0 0 0 0 0 0 674 96 96 93
2 0 0 0 0 0 0 674 96 96 95
20 0 0 0 0 0 0 674 96 96 95
21 0 0 0 0 0 0 674 96 96 94
22 0 0 0 0 0 0 674 96 96 91
23 0 0 0 0 0 0 674 96 96 96
24 0 0 0 0 0 0 674 96 96 95
25 0 0 0 0 0 0 674 96 96 93
26 0 0 0 0 0 0 674 96 96 94
27 0 0 0 0 0 0 674 96 96 95
28 0 0 0 0 0 0 674 96 96 94
29 0 0 0 0 0 0 674 96 96 94
3 0 0 0 0 0 0 674 96 96 94
30 0 0 0 0 0 0 674 96 96 94
31 0 0 0 0 0 0 674 96 96 93
32 0 0 0 0 0 0 674 96 96 94
33 0 0 0 0 0 0 674 96 96 94
34 0 0 0 0 0 0 674 96 96 93
35 0 0 0 0 0 0 674 96 96 95
36 0 0 0 0 0 0 674 96 96 93
37 0 0 0 0 0 0 674 96 96 93
38 0 0 0 0 0 0 674 96 96 95
39 0 0 0 0 0 0 674 96 96 94
4 0 0 0 0 0 0 674 96 96 96
40 0 0 0 0 0 0 674 96 96 96
41 0 0 0 0 0 0 674 96 96 95
42 0 0 0 0 0 0 674 96 96 96
43 0 0 0 0 0 0 674 96 96 95
44 0 0 0 0 0 0 674 96 96 95
45 0 0 0 0 0 0 674 96 96 92
46 0 0 0 0 0 0 674 96 96 94
47 0 0 0 0 0 0 674 96 96 95
48 0 0 0 0 0 0 674 96 96 94
49 0 0 0 0 0 0 674 96 96 95
5 0 0 0 0 0 0 674 96 96 93
50 0 0 0 0 0 0 674 96 96 96
51 0 0 0 0 0 0 674 96 96 94
52 0 0 0 0 0 0 674 96 96 94
53 0 0 0 0 0 0 674 96 96 96
54 0 0 0 0 0 0 674 96 96 96
55 0 0 0 0 0 0 674 96 96 92
56 0 0 0 0 0 0 674 96 96 96
57 0 0 0 0 0 0 674 96 96 96
58 0 0 0 0 0 0 674 96 96 96
59 0 0 0 0 0 0 674 96 96 93
6 0 0 0 0 0 0 674 96 96 96
60 0 0 0 0 0 0 674 96 96 96
61 0 0 0 0 0 0 674 96 96 93
62 0 0 0 0 0 0 674 96 96 94
63 0 0 0 0 0 0 674 96 95 94
64 0 0 0 0 0 0 674 96 96 96
7 0 0 0 0 0 0 674 96 96 95
8 0 0 0 0 0 0 674 96 96 92
9 0 0 0 0 0 0 674 96 96 95
